0 0.496875 0.954630 0.177083 0.090741
0 0.710417 0.951852 0.087500 0.092593
0 0.108333 0.756481 0.060417 0.053704
0 0.022917 0.597222 0.039583 0.046296
0 0.141146 0.548148 0.140625 0.048148
0 0.213021 0.493519 0.098958 0.046296
0 0.020313 0.520370 0.030208 0.037037
0 0.082812 0.457407 0.088542 0.037037
0 0.646875 0.777778 0.260417 0.125926
0 0.219792 0.868519 0.437500 0.240741
0 0.527604 0.671296 0.309375 0.112963
0 0.508854 0.489815 0.073958 0.046296
0 0.325521 0.447222 0.169792 0.075926
0 0.622396 0.483333 0.105208 0.062963
0 0.722396 0.560185 0.128125 0.079630
0 0.431771 0.386111 0.044792 0.038889
0 0.502083 0.424074 0.047917 0.033333
0 0.878646 0.744444 0.242708 0.155556
0 0.878125 0.584259 0.195833 0.157407
0 0.600521 0.429630 0.084375 0.040741
0 0.793229 0.431481 0.244792 0.092593
0 0.423958 0.343519 0.047917 0.031481
0 0.491146 0.311111 0.103125 0.040741
