0 0.184375 0.814988 0.265625 0.201405
0 0.417187 0.490632 0.284375 0.259953
0 0.803906 0.517564 0.179688 0.112412
0 0.624219 0.400468 0.139063 0.098361
0 0.650781 0.281030 0.120313 0.060890
0 0.576562 0.196721 0.140625 0.060890
0 0.396094 0.170960 0.117188 0.070258
0 0.285938 0.114754 0.068750 0.042155
0 0.572656 0.129977 0.117188 0.044496
0 0.721094 0.161593 0.095312 0.060890
0 0.326562 0.071429 0.050000 0.030445
0 0.446094 0.099532 0.104688 0.039813
0 0.546094 0.067916 0.104688 0.042155
0 0.632031 0.096019 0.073438 0.037471
0 0.368750 0.031616 0.118750 0.039813
0 0.828906 0.146370 0.048438 0.030445
0 0.757031 0.077283 0.054688 0.032787
0 0.641406 0.040984 0.054688 0.030445
