0 0.848918 0.916667 0.127163 0.166667
0 0.709856 0.879167 0.098558 0.201282
0 0.459736 0.917308 0.209375 0.155769
0 0.209615 0.882212 0.192308 0.143269
0 0.041346 0.957051 0.066346 0.079487
0 0.021394 0.788301 0.042308 0.065705
0 0.040144 0.666987 0.077885 0.079487
0 0.049399 0.571635 0.093990 0.086859
0 0.501563 0.686058 0.164663 0.105449
0 0.725361 0.607372 0.122356 0.091667
0 0.390505 0.537340 0.075721 0.045833
0 0.543870 0.555609 0.203606 0.125321
0 0.713341 0.468590 0.084856 0.064103
0 0.571394 0.444231 0.102885 0.060897
0 0.316106 0.445833 0.297596 0.128205
0 0.514784 0.386859 0.049279 0.032051
0 0.579928 0.371635 0.060817 0.081090
0 0.472356 0.344872 0.074519 0.060897
0 0.586178 0.306731 0.128125 0.048718
0 0.546154 0.189263 0.112019 0.103526
0 0.730529 0.176282 0.201442 0.075000
