0 0.560937 0.819380 0.194792 0.168992
0 0.561458 0.506202 0.170833 0.103876
0 0.640104 0.403876 0.136458 0.069767
0 0.393750 0.425581 0.091667 0.048062
0 0.356771 0.347287 0.071875 0.037209
0 0.466146 0.334109 0.063542 0.035659
0 0.542708 0.372868 0.125000 0.041860
0 0.551562 0.324806 0.048958 0.032558
0 0.652083 0.333333 0.095833 0.040310
0 0.592187 0.302326 0.082292 0.031008
0 0.555208 0.275969 0.072917 0.024806
0 0.452604 0.255814 0.059375 0.040310
0 0.536979 0.245736 0.048958 0.017054
0 0.607292 0.241085 0.058333 0.029457
0 0.665625 0.233333 0.043750 0.026357
0 0.546354 0.187597 0.028125 0.024806
0 0.614583 0.186822 0.033333 0.032558
0 0.108333 0.761240 0.083333 0.096124
