0 0.148052 0.673210 0.210390 0.127021
0 0.838961 0.473441 0.090909 0.060046
0 0.839610 0.340647 0.115584 0.066975
0 0.607792 0.323326 0.072727 0.055427
0 0.030519 0.423788 0.055844 0.080831
0 0.153247 0.354503 0.270130 0.131640
0 0.421429 0.370670 0.222078 0.117783
0 0.107792 0.230947 0.207792 0.078522
0 0.248701 0.180139 0.222078 0.073903
0 0.411039 0.143187 0.055844 0.041570
0 0.514935 0.180139 0.112987 0.046189
0 0.642208 0.204388 0.063636 0.048499
0 0.561039 0.118938 0.127273 0.066975
0 0.723377 0.142032 0.093506 0.062356
0 0.790260 0.235566 0.136364 0.096998
0 0.827922 0.125866 0.128571 0.048499
0 0.918182 0.189376 0.163636 0.092379
0 0.360390 0.100462 0.084416 0.043880
