0 0.588333 0.785000 0.143333 0.090000
0 0.723333 0.965000 0.113333 0.060000
0 0.473333 0.557500 0.206667 0.065000
0 0.718333 0.675000 0.243333 0.080000
0 0.281667 0.512500 0.116667 0.065000
0 0.535000 0.440000 0.096667 0.050000
0 0.633333 0.615000 0.086667 0.050000
0 0.790000 0.615000 0.193333 0.060000
0 0.745000 0.470000 0.070000 0.050000
0 0.668333 0.390000 0.103333 0.030000
0 0.380000 0.370000 0.086667 0.040000
0 0.581667 0.345000 0.063333 0.020000
0 0.645000 0.330000 0.036667 0.040000
0 0.893333 0.555000 0.206667 0.070000
0 0.473333 0.312500 0.106667 0.035000
0 0.266667 0.332500 0.073333 0.045000
