0 0.330833 0.828402 0.171667 0.207101
0 0.577500 0.899408 0.135000 0.183432
0 0.767500 0.843195 0.111667 0.124260
0 0.145833 0.702663 0.168333 0.127219
0 0.170833 0.473373 0.151667 0.100592
0 0.090000 0.400888 0.053333 0.026627
0 0.119167 0.365385 0.065000 0.026627
0 0.083333 0.343195 0.106667 0.029586
0 0.262500 0.357988 0.115000 0.035503
0 0.811667 0.445266 0.096667 0.062130
0 0.611667 0.423077 0.070000 0.041420
0 0.968333 0.463018 0.056667 0.068047
0 0.521667 0.547337 0.223333 0.147929
0 0.847500 0.596154 0.305000 0.221893
