0 0.709856 0.894391 0.089423 0.198397
0 0.847476 0.915865 0.107933 0.168269
0 0.458534 0.921154 0.193510 0.144872
0 0.209736 0.882212 0.196875 0.122115
0 0.023558 0.787500 0.044712 0.067308
0 0.035096 0.661699 0.062981 0.068910
0 0.044231 0.570833 0.083654 0.076282
0 0.547356 0.685417 0.077885 0.070192
0 0.719712 0.599840 0.120192 0.085577
0 0.391707 0.534295 0.061779 0.048718
0 0.713341 0.466987 0.082452 0.064103
0 0.546154 0.551763 0.185577 0.111218
0 0.380769 0.425801 0.097115 0.061218
0 0.315505 0.482372 0.268990 0.055128
0 0.569712 0.446474 0.101923 0.059615
0 0.578726 0.391506 0.049279 0.034936
0 0.512981 0.383814 0.048077 0.034936
0 0.582332 0.350160 0.076683 0.038141
0 0.474038 0.350321 0.089423 0.044231
0 0.587380 0.305929 0.123798 0.038141
0 0.679688 0.183173 0.268990 0.094551
