0 0.104688 0.757407 0.071875 0.044444
0 0.493750 0.952778 0.175000 0.094444
0 0.706771 0.953704 0.082292 0.077778
0 0.023438 0.598148 0.044792 0.044444
0 0.085938 0.512963 0.038542 0.029630
0 0.145833 0.543519 0.118750 0.050000
0 0.018229 0.521296 0.034375 0.027778
0 0.081771 0.456481 0.069792 0.035185
0 0.214583 0.487037 0.093750 0.044444
0 0.336458 0.547222 0.033333 0.035185
0 0.530208 0.670370 0.308333 0.114815
0 0.653125 0.775000 0.247917 0.109259
0 0.120833 0.890741 0.227083 0.185185
0 0.339583 0.805556 0.195833 0.114815
0 0.722917 0.562963 0.112500 0.085185
0 0.515104 0.495370 0.065625 0.042593
0 0.327604 0.437963 0.153125 0.057407
0 0.389062 0.391667 0.042708 0.031481
0 0.502083 0.421296 0.035417 0.042593
0 0.634375 0.492593 0.106250 0.051852
0 0.600000 0.437037 0.089583 0.037037
0 0.430729 0.386111 0.044792 0.038889
0 0.243229 0.399074 0.057292 0.031481
0 0.415625 0.344444 0.037500 0.025926
0 0.494792 0.322222 0.087500 0.033333
0 0.889583 0.704630 0.220833 0.183333
0 0.854167 0.551852 0.114583 0.111111
