0 0.736500 0.975071 0.115000 0.049858
0 0.363000 0.873219 0.126000 0.136752
0 0.513500 0.702635 0.210000 0.110399
0 0.421500 0.578348 0.070000 0.055556
0 0.269500 0.608618 0.200000 0.104701
0 0.282000 0.513889 0.047000 0.033476
0 0.179000 0.504630 0.085000 0.060541
0 0.082000 0.478276 0.085000 0.050570
0 0.245500 0.446581 0.067000 0.031339
0 0.233750 0.403134 0.037500 0.029915
0 0.301250 0.398860 0.046500 0.024217
0 0.360250 0.444088 0.126500 0.042023
0 0.735250 0.501068 0.104500 0.043447
0 0.963500 0.528134 0.069000 0.064815
0 0.789500 0.453348 0.051000 0.033476
0 0.705000 0.422721 0.069000 0.033476
0 0.670500 0.390313 0.053000 0.022792
0 0.753250 0.362179 0.076500 0.030627
0 0.353000 0.339744 0.048000 0.027066
0 0.250250 0.328348 0.072500 0.031339
0 0.194500 0.301282 0.052000 0.022792
0 0.184250 0.271368 0.051500 0.021368
0 0.382000 0.300926 0.030000 0.019231
0 0.377750 0.262108 0.044500 0.024217
0 0.305000 0.257835 0.037000 0.021368
0 0.438500 0.312322 0.043000 0.027778
0 0.517750 0.288105 0.043500 0.030627
0 0.263500 0.276709 0.033000 0.026353
0 0.601250 0.269943 0.027500 0.032764
0 0.720000 0.279915 0.031000 0.019943
0 0.488000 0.241453 0.024000 0.024217
0 0.530000 0.223647 0.040000 0.019943
0 0.432750 0.212963 0.026500 0.022792
