0 0.230957 0.853982 0.063477 0.032448
0 0.440918 0.875369 0.067383 0.036873
0 0.456055 0.803835 0.041016 0.032448
0 0.247559 0.738938 0.041992 0.044248
0 0.544922 0.729351 0.068359 0.045723
0 0.627930 0.765487 0.076172 0.056047
0 0.694336 0.825221 0.085938 0.048673
0 0.664551 0.925516 0.038086 0.033923
0 0.337891 0.599558 0.039062 0.039823
0 0.565918 0.629794 0.069336 0.032448
0 0.707520 0.622419 0.051758 0.032448
0 0.681641 0.660767 0.078125 0.023599
0 0.776855 0.767699 0.045898 0.036873
0 0.802246 0.975664 0.071289 0.042773
0 0.455078 0.592920 0.023438 0.035398
0 0.628906 0.528761 0.033203 0.042773
0 0.617676 0.498525 0.055664 0.026549
0 0.361816 0.522124 0.038086 0.029499
0 0.383789 0.454277 0.029297 0.032448
0 0.563477 0.537611 0.035156 0.025074
0 0.549805 0.499263 0.033203 0.033923
