0 0.478369 0.918269 0.203546 0.109615
0 0.890426 0.951923 0.199291 0.096154
0 0.269504 0.843269 0.130496 0.090385
0 0.413121 0.776923 0.189362 0.096154
0 0.604255 0.844231 0.175887 0.076923
0 0.532624 0.699038 0.095035 0.071154
0 0.738652 0.763462 0.060284 0.057692
0 0.375887 0.592308 0.078014 0.046154
0 0.691489 0.630769 0.133333 0.069231
0 0.473759 0.484615 0.107801 0.057692
0 0.587943 0.538462 0.070922 0.038462
0 0.259574 0.505769 0.087943 0.065385
0 0.094681 0.659615 0.087234 0.076923
0 0.529433 0.421154 0.088652 0.038462
