0 0.654412 0.721528 0.081699 0.081944
0 0.385621 0.623611 0.071895 0.080556
0 0.425654 0.516667 0.060458 0.075000
0 0.513889 0.530556 0.084967 0.108333
0 0.713235 0.588889 0.060458 0.094444
0 0.682190 0.420139 0.047386 0.065278
0 0.751225 0.431944 0.041667 0.097222
0 0.810458 0.464583 0.062092 0.087500
0 0.889297 0.598611 0.131536 0.136111
0 0.709150 0.272917 0.133987 0.079167
0 0.814134 0.361806 0.141340 0.068056
0 0.318219 0.615278 0.043301 0.058333
0 0.070670 0.635417 0.090686 0.079167
0 0.504085 0.422917 0.106209 0.079167
0 0.378268 0.436806 0.094771 0.093056
0 0.927288 0.467361 0.112745 0.070833
0 0.881536 0.564583 0.212418 0.356944
