0 0.216250 0.653125 0.124167 0.083750
0 0.721667 0.675000 0.140000 0.087500
0 0.533333 0.432500 0.116667 0.072500
0 0.472083 0.511875 0.167500 0.093750
0 0.102917 0.376875 0.084167 0.043750
0 0.313750 0.326250 0.055833 0.035000
0 0.145833 0.279375 0.051667 0.028750
0 0.089583 0.257500 0.039167 0.030000
0 0.042917 0.230000 0.042500 0.037500
0 0.332917 0.216250 0.052500 0.027500
0 0.434583 0.248750 0.039167 0.022500
0 0.383750 0.181250 0.055833 0.027500
0 0.164583 0.168125 0.044167 0.023750
0 0.035000 0.201250 0.036667 0.017500
