0 0.350502 0.527376 0.143133 0.098140
0 0.522184 0.480114 0.143904 0.079029
0 0.519869 0.565857 0.096065 0.079029
0 0.500772 0.872417 0.273920 0.216942
0 0.758873 0.728306 0.188272 0.179752
0 0.834877 0.536932 0.236111 0.124483
0 0.835262 0.419163 0.154321 0.065599
0 0.702546 0.322572 0.141204 0.087293
0 0.458333 0.375517 0.072531 0.046488
0 0.423611 0.292355 0.111883 0.036157
0 0.411265 0.325155 0.064815 0.026343
0 0.328897 0.256973 0.075231 0.031508
0 0.429591 0.169680 0.233410 0.048037
0 0.544367 0.216167 0.090278 0.035640
0 0.289931 0.214876 0.078318 0.033058
