0 0.309701 0.593126 0.219403 0.108647
0 0.178358 0.492239 0.222388 0.070953
0 0.502239 0.523282 0.073134 0.035477
0 0.269403 0.431264 0.046269 0.024390
0 0.399254 0.449002 0.147761 0.077605
0 0.290299 0.350333 0.102985 0.075388
0 0.421642 0.338137 0.061194 0.024390
0 0.517910 0.349224 0.056716 0.019956
0 0.561194 0.394678 0.053731 0.031042
0 0.580597 0.432373 0.065672 0.026608
0 0.699254 0.544346 0.144776 0.099778
0 0.867164 0.577605 0.074627 0.050998
0 0.905970 0.873614 0.128358 0.150776
0 0.192537 0.304878 0.041791 0.024390
0 0.221642 0.252772 0.079104 0.026608
0 0.808209 0.407982 0.061194 0.035477
0 0.950746 0.427938 0.053731 0.035477
0 0.717910 0.340355 0.062687 0.028825
0 0.655970 0.303769 0.052239 0.031042
0 0.352985 0.294900 0.034328 0.022173
0 0.583582 0.741685 0.092537 0.068736
0 0.814179 0.284922 0.091045 0.033259
0 0.479104 0.242794 0.026866 0.028825
0 0.025373 0.473392 0.038806 0.050998
