0 0.579375 0.839888 0.278750 0.282772
0 0.578125 0.516854 0.211250 0.164794
0 0.366250 0.388577 0.170000 0.136704
0 0.392500 0.428839 0.092500 0.044944
0 0.344375 0.340824 0.093750 0.041199
0 0.396250 0.379213 0.097500 0.043071
0 0.650625 0.405431 0.153750 0.058052
0 0.663125 0.335206 0.118750 0.052434
0 0.534375 0.366105 0.133750 0.061798
0 0.598750 0.301498 0.082500 0.026217
0 0.555000 0.323970 0.065000 0.026217
0 0.450000 0.255618 0.065000 0.031835
0 0.115000 0.764045 0.120000 0.153558
0 0.611250 0.237828 0.070000 0.033708
0 0.676250 0.230337 0.057500 0.033708
0 0.553125 0.277154 0.091250 0.041199
