0 0.181159 0.460900 0.235837 0.135071
0 0.798419 0.343602 0.387352 0.203791
0 0.173254 0.690758 0.104084 0.097156
0 0.503953 0.893365 0.164690 0.151659
0 0.032279 0.214455 0.046113 0.073460
0 0.274704 0.124408 0.111989 0.078199
0 0.394598 0.114929 0.061924 0.054502
0 0.600791 0.086493 0.134387 0.120853
0 0.704216 0.117299 0.051383 0.049763
0 0.828063 0.123223 0.090909 0.090047
0 0.331357 0.056872 0.048748 0.047393
0 0.189723 0.061611 0.079051 0.056872
0 0.486825 0.690758 0.188406 0.139810
0 0.691700 0.623223 0.160738 0.170616
0 0.891963 0.607820 0.197628 0.239336
0 0.951910 0.883886 0.088274 0.194313
