0 0.506348 0.855882 0.276367 0.273529
0 0.503418 0.637500 0.200195 0.151471
0 0.554688 0.491176 0.154297 0.082353
0 0.731445 0.563235 0.121094 0.100000
0 0.906250 0.630882 0.162109 0.123529
0 0.409180 0.442647 0.138672 0.205882
0 0.559082 0.400000 0.108398 0.064706
0 0.645996 0.350735 0.133789 0.042647
0 0.739746 0.415441 0.104492 0.057353
0 0.679688 0.475735 0.046875 0.039706
0 0.590332 0.314706 0.120117 0.029412
0 0.583496 0.283088 0.094727 0.027941
0 0.499023 0.321324 0.060547 0.036765
0 0.784180 0.386029 0.115234 0.054412
