0 0.428223 0.720052 0.217773 0.083333
0 0.586914 0.649089 0.140625 0.074219
0 0.425293 0.614583 0.124023 0.083333
0 0.085449 0.662760 0.155273 0.109375
0 0.421387 0.514974 0.106445 0.071615
0 0.625000 0.485026 0.142578 0.071615
0 0.734375 0.525391 0.089844 0.053385
0 0.153809 0.555990 0.151367 0.093750
0 0.251465 0.475260 0.081055 0.044271
0 0.314453 0.439453 0.064453 0.035156
0 0.523926 0.435547 0.096680 0.035156
0 0.826660 0.332031 0.153320 0.109375
0 0.520996 0.397135 0.071289 0.052083
0 0.267090 0.401693 0.116211 0.040365
0 0.395996 0.349609 0.129883 0.084635
