0 0.179183 0.471564 0.221344 0.123223
0 0.681159 0.613744 0.142292 0.222749
0 0.181159 0.701422 0.106719 0.156398
0 0.279974 0.123223 0.101449 0.085308
0 0.378129 0.138626 0.073781 0.116114
0 0.683794 0.342417 0.187088 0.215640
0 0.475626 0.701422 0.134387 0.123223
0 0.913702 0.356635 0.146245 0.172986
0 0.488142 0.899289 0.164690 0.177725
0 0.034256 0.892180 0.057971 0.187204
0 0.032279 0.212085 0.059289 0.078199
0 0.587615 0.097156 0.152833 0.137441
0 0.708827 0.130332 0.089592 0.090047
0 0.884058 0.594787 0.208169 0.213270
