0 0.363750 0.953333 0.097500 0.066667
0 0.550000 0.890000 0.115000 0.100000
0 0.246250 0.741667 0.077500 0.056667
0 0.330000 0.815000 0.060000 0.036667
0 0.367500 0.738333 0.055000 0.043333
0 0.313750 0.671667 0.037500 0.036667
0 0.103750 0.595000 0.072500 0.036667
0 0.273750 0.550000 0.092500 0.060000
0 0.035000 0.520000 0.050000 0.026667
0 0.182500 0.461667 0.060000 0.030000
0 0.025000 0.418333 0.045000 0.036667
0 0.538750 0.500000 0.077500 0.046667
0 0.821250 0.565000 0.092500 0.036667
0 0.943750 0.548333 0.057500 0.056667
0 0.735000 0.500000 0.075000 0.033333
0 0.691250 0.456667 0.087500 0.026667
0 0.875000 0.493333 0.055000 0.060000
0 0.506250 0.378333 0.052500 0.036667
0 0.460000 0.333333 0.050000 0.026667
0 0.287500 0.446667 0.045000 0.026667
0 0.171250 0.348333 0.037500 0.023333
