0 0.621649 0.836047 0.082474 0.072093
0 0.901546 0.872093 0.153608 0.148837
0 0.883505 0.761628 0.045361 0.053488
0 0.673196 0.645349 0.057732 0.048837
0 0.434021 0.660465 0.092784 0.088372
0 0.726289 0.556977 0.054639 0.067442
0 0.513918 0.503488 0.050515 0.058140
0 0.636598 0.487209 0.056701 0.053488
0 0.432474 0.439535 0.044330 0.032558
0 0.420619 0.398837 0.035052 0.030233
0 0.540722 0.680233 0.083505 0.053488
0 0.308247 0.493023 0.076289 0.046512
0 0.276289 0.339535 0.030928 0.032558
0 0.285567 0.306977 0.041237 0.032558
0 0.194845 0.274419 0.055670 0.037209
0 0.289691 0.433721 0.055670 0.030233
