0 0.055556 0.525370 0.083083 0.192389
0 0.135636 0.519027 0.069069 0.175476
0 0.250751 0.514799 0.123123 0.158562
0 0.330831 0.376321 0.105105 0.198732
0 0.352352 0.606765 0.080080 0.169133
0 0.462963 0.571882 0.115115 0.133192
0 0.521021 0.876321 0.105105 0.188161
0 0.608108 0.922833 0.069069 0.120507
0 0.662162 0.848837 0.069069 0.162791
0 0.742242 0.558140 0.077077 0.122622
0 0.834334 0.465116 0.089089 0.164905
0 0.910911 0.619450 0.086086 0.131078
0 0.907407 0.869979 0.075075 0.167019
0 0.784785 0.877378 0.062062 0.143763
0 0.059059 0.281184 0.054054 0.135307
0 0.120621 0.262156 0.049049 0.118393
