0 0.344238 0.851074 0.379883 0.254883
0 0.805664 0.955566 0.185547 0.067383
0 0.667480 0.615234 0.254883 0.191406
0 0.922363 0.750977 0.118164 0.101562
0 0.881836 0.441406 0.125000 0.082031
0 0.180176 0.350586 0.088867 0.035156
0 0.324219 0.349609 0.068359 0.033203
0 0.348633 0.457520 0.355469 0.135742
0 0.569824 0.345703 0.120117 0.046875
0 0.684082 0.382812 0.135742 0.056641
0 0.688965 0.287598 0.055664 0.032227
0 0.478516 0.291016 0.160156 0.068359
0 0.250977 0.293457 0.089844 0.030273
0 0.213379 0.235840 0.176758 0.071289
0 0.405273 0.218262 0.089844 0.036133
0 0.470215 0.182617 0.073242 0.029297
0 0.630859 0.188477 0.154297 0.056641
0 0.690918 0.124512 0.086914 0.049805
0 0.579102 0.107910 0.111328 0.038086
0 0.326660 0.158203 0.252930 0.046875
0 0.380859 0.105469 0.099609 0.031250
0 0.493652 0.058105 0.188477 0.034180
0 0.740723 0.059082 0.145508 0.047852
0 0.026855 0.702148 0.049805 0.101562
0 0.034668 0.430176 0.059570 0.045898
