0 0.311250 0.956075 0.160000 0.080374
0 0.612500 0.866355 0.152500 0.102804
0 0.896250 0.828037 0.057500 0.044860
0 0.880000 0.710280 0.160000 0.074766
0 0.612500 0.677570 0.195000 0.102804
0 0.116875 0.791589 0.051250 0.087850
0 0.181250 0.642056 0.077500 0.046729
0 0.314375 0.600000 0.128750 0.082243
0 0.793750 0.630841 0.125000 0.076636
0 0.889375 0.585047 0.071250 0.052336
0 0.932500 0.530841 0.097500 0.059813
0 0.217500 0.503738 0.072500 0.042991
0 0.345000 0.500000 0.135000 0.054206
0 0.651875 0.538318 0.133750 0.063551
0 0.797500 0.516822 0.080000 0.046729
0 0.418750 0.437383 0.082500 0.048598
0 0.677500 0.437383 0.107500 0.044860
0 0.853125 0.466355 0.103750 0.042991
0 0.839375 0.406542 0.123750 0.039252
0 0.598750 0.473832 0.130000 0.039252
0 0.447500 0.398131 0.057500 0.022430
0 0.356875 0.357009 0.048750 0.026168
0 0.605625 0.391589 0.046250 0.028037
0 0.490000 0.357009 0.047500 0.033645
0 0.277500 0.337383 0.062500 0.035514
0 0.393750 0.328972 0.090000 0.029907
0 0.543125 0.326168 0.116250 0.039252
0 0.677500 0.326168 0.110000 0.057944
0 0.863125 0.311215 0.248750 0.095327
0 0.068750 0.409346 0.040000 0.052336
0 0.120625 0.328972 0.071250 0.037383
0 0.301875 0.281308 0.053750 0.020561
0 0.251875 0.259813 0.073750 0.029907
0 0.348125 0.256075 0.058750 0.029907
0 0.465000 0.283178 0.087500 0.035514
0 0.486250 0.238318 0.062500 0.024299
0 0.320625 0.207477 0.036250 0.022430
0 0.306875 0.187850 0.036250 0.020561
0 0.557500 0.268224 0.032500 0.028037
0 0.373750 0.693458 0.102500 0.063551
