0 0.567187 0.862500 0.182812 0.266667
0 0.460938 0.541667 0.098437 0.147222
0 0.689844 0.543056 0.118750 0.083333
0 0.730859 0.450694 0.063281 0.062500
0 0.564063 0.456250 0.057813 0.059722
0 0.363281 0.415278 0.054688 0.133333
0 0.447656 0.395833 0.062500 0.058333
0 0.544531 0.359722 0.064062 0.050000
0 0.625391 0.406944 0.082031 0.138889
0 0.467578 0.317361 0.050781 0.051389
0 0.538672 0.291667 0.105469 0.063889
0 0.591797 0.191667 0.058594 0.036111
0 0.617578 0.151389 0.041406 0.033333
0 0.969141 0.552083 0.061719 0.187500
