0 0.415192 0.909449 0.146018 0.102362
0 0.135693 0.979003 0.094395 0.041995
0 0.098083 0.635171 0.048673 0.036745
0 0.461652 0.744094 0.106195 0.065617
0 0.650442 0.736220 0.082596 0.086614
0 0.291298 0.687664 0.323009 0.183727
0 0.561947 0.595801 0.058997 0.047244
0 0.676254 0.585302 0.095870 0.041995
0 0.731563 0.547244 0.041298 0.034121
0 0.438053 0.538058 0.132743 0.057743
0 0.460914 0.591864 0.066372 0.039370
0 0.335546 0.493438 0.119469 0.073491
0 0.518437 0.431759 0.231563 0.055118
0 0.717552 0.387139 0.166667 0.060367
