0 0.215000 0.657500 0.103333 0.062500
0 0.723333 0.678750 0.135000 0.080000
0 0.720833 0.504375 0.083333 0.036250
0 0.466250 0.516250 0.155833 0.097500
0 0.526250 0.433750 0.115833 0.062500
0 0.100833 0.373750 0.071667 0.035000
0 0.312917 0.328125 0.052500 0.028750
0 0.145833 0.279375 0.040000 0.028750
0 0.090000 0.253750 0.043333 0.037500
0 0.433750 0.252500 0.037500 0.022500
0 0.043750 0.235000 0.042500 0.022500
0 0.335000 0.220000 0.041667 0.025000
0 0.138333 0.230000 0.025000 0.022500
0 0.036250 0.200625 0.037500 0.026250
0 0.170000 0.168125 0.046667 0.016250
0 0.383333 0.184375 0.045000 0.023750
