0 0.310000 0.966355 0.160000 0.067290
0 0.610625 0.871963 0.143750 0.087850
0 0.114375 0.791589 0.051250 0.072897
0 0.179375 0.642056 0.066250 0.035514
0 0.308125 0.597196 0.101250 0.072897
0 0.377500 0.695327 0.077500 0.063551
0 0.614375 0.680374 0.178750 0.097196
0 0.896875 0.824299 0.048750 0.037383
0 0.880000 0.711215 0.152500 0.084112
0 0.792500 0.628037 0.117500 0.074766
0 0.219375 0.505607 0.063750 0.046729
0 0.343125 0.496262 0.136250 0.046729
0 0.651250 0.539252 0.127500 0.057944
0 0.785625 0.509346 0.098750 0.061682
0 0.928125 0.527103 0.078750 0.059813
0 0.888750 0.583178 0.055000 0.044860
0 0.678750 0.438318 0.105000 0.050467
0 0.415625 0.435514 0.071250 0.041121
0 0.449375 0.400935 0.048750 0.024299
0 0.356875 0.356075 0.041250 0.024299
0 0.280000 0.338318 0.055000 0.029907
0 0.396875 0.327103 0.081250 0.022430
0 0.463750 0.320561 0.045000 0.028037
0 0.543750 0.325234 0.095000 0.033645
0 0.854375 0.469159 0.108750 0.044860
0 0.835000 0.403738 0.117500 0.048598
0 0.769375 0.348598 0.053750 0.031776
0 0.685625 0.320561 0.113750 0.042991
0 0.458125 0.285981 0.081250 0.037383
0 0.248125 0.258879 0.066250 0.024299
0 0.348125 0.256075 0.046250 0.026168
0 0.481250 0.240187 0.042500 0.020561
0 0.308750 0.201869 0.042500 0.022430
0 0.555000 0.266355 0.025000 0.031776
0 0.065625 0.407477 0.048750 0.026168
0 0.121250 0.325234 0.042500 0.029907
0 0.426250 0.209346 0.035000 0.018692
0 0.423125 0.184112 0.023750 0.020561
0 0.856250 0.313084 0.240000 0.080374
0 0.380625 0.195327 0.033750 0.024299
