0 0.371545 0.829851 0.138211 0.202985
0 0.762602 0.964179 0.133333 0.071642
0 0.535772 0.604478 0.239024 0.146269
0 0.273171 0.476119 0.217886 0.140299
0 0.431707 0.435821 0.063415 0.083582
0 0.079675 0.304478 0.100813 0.071642
0 0.182114 0.340299 0.081301 0.065672
0 0.294309 0.346269 0.055285 0.047761
0 0.261789 0.259701 0.074797 0.047761
0 0.243089 0.204478 0.050407 0.044776
0 0.382114 0.267164 0.146341 0.068657
0 0.772358 0.338806 0.084553 0.062687
0 0.729268 0.232836 0.076423 0.059701
0 0.773984 0.141791 0.081301 0.050746
0 0.360976 0.117910 0.055285 0.044776
0 0.689431 0.183582 0.045528 0.032836
0 0.818699 0.268657 0.053659 0.059701
0 0.232520 0.076119 0.130081 0.044776
0 0.387805 0.026866 0.073171 0.047761
