0 0.230469 0.851770 0.056641 0.039823
0 0.439941 0.870206 0.079102 0.038348
0 0.453125 0.799410 0.046875 0.047198
0 0.684082 0.931416 0.079102 0.066372
0 0.693848 0.818584 0.092773 0.061947
0 0.628418 0.769912 0.067383 0.061947
0 0.775391 0.764749 0.039062 0.036873
0 0.549316 0.728614 0.071289 0.047198
0 0.250488 0.740413 0.059570 0.056047
0 0.294922 0.683628 0.087891 0.042773
0 0.338867 0.601032 0.048828 0.045723
0 0.360840 0.530236 0.040039 0.033923
0 0.683105 0.651917 0.090820 0.070796
0 0.571289 0.627581 0.078125 0.036873
0 0.601074 0.532448 0.088867 0.058997
0 0.381836 0.453540 0.042969 0.045723
