0 0.163333 0.647778 0.170000 0.131111
0 0.674167 0.585556 0.131667 0.215556
0 0.481667 0.883333 0.363333 0.224444
0 0.210833 0.436667 0.251667 0.100000
0 0.224167 0.307778 0.125000 0.086667
0 0.362500 0.356667 0.128333 0.046667
0 0.335000 0.262222 0.093333 0.057778
0 0.477500 0.262222 0.158333 0.057778
0 0.471667 0.334444 0.070000 0.055556
0 0.541667 0.476667 0.100000 0.077778
0 0.654167 0.424444 0.118333 0.062222
0 0.755833 0.364444 0.195000 0.097778
0 0.805833 0.528889 0.075000 0.088889
0 0.759167 0.181111 0.071667 0.046667
0 0.624167 0.195556 0.155000 0.106667
