0 0.501875 0.887813 0.978750 0.210625
0 0.961458 0.777188 0.067917 0.031875
0 0.840000 0.728437 0.101667 0.038125
0 0.697083 0.725938 0.147500 0.039375
0 0.522917 0.714688 0.045000 0.023125
0 0.372500 0.710000 0.056667 0.026250
0 0.241250 0.688750 0.069167 0.028750
0 0.158542 0.678125 0.067917 0.032500
0 0.020417 0.668125 0.040000 0.040000
0 0.067083 0.635312 0.064167 0.031875
0 0.014375 0.597187 0.025417 0.023125
0 0.022292 0.535625 0.043750 0.027500
0 0.296250 0.654687 0.087500 0.024375
0 0.287708 0.629062 0.043750 0.016875
0 0.313542 0.595625 0.036250 0.022500
0 0.382083 0.571875 0.061667 0.021250
0 0.480625 0.653750 0.202083 0.053750
0 0.551875 0.605000 0.082083 0.035000
0 0.669167 0.606250 0.114167 0.041250
0 0.884583 0.636250 0.065000 0.036250
0 0.726458 0.557500 0.072083 0.035000
