0 0.375521 0.648250 0.176042 0.165746
0 0.539583 0.543278 0.143750 0.235727
0 0.667708 0.488029 0.122917 0.132597
0 0.709375 0.636280 0.112500 0.141805
0 0.857812 0.363720 0.284375 0.145488
0 0.335938 0.464088 0.163542 0.191529
0 0.481771 0.335175 0.059375 0.073665
0 0.296354 0.328729 0.048958 0.053407
0 0.333854 0.055249 0.092708 0.095764
0 0.402083 0.034070 0.056250 0.057090
0 0.808854 0.575506 0.067708 0.086556
0 0.937500 0.551565 0.125000 0.182320
0 0.906250 0.728361 0.187500 0.163904
0 0.219271 0.197053 0.126042 0.184162
