0 0.172500 0.480769 0.181667 0.109467
0 0.144167 0.701183 0.171667 0.159763
0 0.325000 0.834320 0.190000 0.224852
0 0.580000 0.902367 0.150000 0.195266
0 0.768333 0.849112 0.116667 0.136095
0 0.038333 0.480769 0.066667 0.044379
0 0.091667 0.402367 0.086667 0.035503
0 0.091667 0.338757 0.133333 0.050296
0 0.268333 0.362426 0.133333 0.068047
0 0.808333 0.446746 0.140000 0.076923
0 0.528333 0.538462 0.196667 0.177515
0 0.616667 0.417160 0.083333 0.053254
0 0.970833 0.463018 0.055000 0.073964
0 0.858333 0.603550 0.276667 0.242604
