0 0.363000 0.879986 0.140000 0.161681
0 0.743750 0.972222 0.150500 0.055556
0 0.522000 0.701211 0.237000 0.126068
0 0.417250 0.579772 0.080500 0.071225
0 0.266250 0.609330 0.206500 0.124644
0 0.179500 0.507123 0.086000 0.052707
0 0.079000 0.476852 0.100000 0.056268
0 0.285500 0.507835 0.049000 0.029915
0 0.272500 0.404915 0.117000 0.033476
0 0.250250 0.449786 0.070500 0.037749
0 0.369750 0.467593 0.139500 0.080484
0 0.963000 0.535969 0.074000 0.077635
0 0.755000 0.513889 0.090000 0.049145
0 0.792750 0.456197 0.059500 0.039174
0 0.689750 0.409188 0.093500 0.063390
0 0.756000 0.360755 0.082000 0.039174
0 0.254500 0.329772 0.070000 0.028490
0 0.178000 0.290598 0.053000 0.049858
0 0.357750 0.337963 0.057500 0.033476
0 0.446000 0.309117 0.060000 0.021368
0 0.382250 0.298789 0.040500 0.020655
0 0.373750 0.259972 0.059500 0.025641
0 0.306500 0.255698 0.036000 0.022792
0 0.527000 0.297365 0.066000 0.036325
0 0.599250 0.291667 0.044500 0.032051
0 0.721000 0.278134 0.039000 0.029202
0 0.492750 0.243590 0.040500 0.028490
0 0.532750 0.225783 0.054500 0.027066
0 0.430000 0.215100 0.030000 0.024217
0 0.852750 0.252493 0.041500 0.029202
