0 0.078840 0.640972 0.054739 0.059722
0 0.377859 0.635417 0.059641 0.079167
0 0.645833 0.713889 0.072712 0.072222
0 0.428105 0.518056 0.057190 0.050000
0 0.512663 0.527778 0.080882 0.080556
0 0.701797 0.588194 0.065359 0.062500
0 0.801879 0.686806 0.031863 0.040278
0 0.696487 0.275000 0.107026 0.061111
0 0.381536 0.438194 0.094771 0.081944
0 0.491830 0.424306 0.081699 0.070833
0 0.680147 0.415278 0.036765 0.036111
0 0.746324 0.433333 0.035131 0.052778
0 0.804739 0.465278 0.057190 0.044444
0 0.383170 0.329167 0.057190 0.050000
0 0.889706 0.581250 0.111111 0.159722
0 0.813725 0.351389 0.135621 0.066667
0 0.930147 0.480556 0.126634 0.152778
