0 0.378862 0.832836 0.130081 0.202985
0 0.761789 0.967164 0.138211 0.065672
0 0.530894 0.598507 0.216260 0.176119
0 0.273171 0.480597 0.211382 0.149254
0 0.432520 0.440299 0.078049 0.086567
0 0.293496 0.346269 0.056911 0.035821
0 0.184553 0.340299 0.086179 0.065672
0 0.081301 0.302985 0.097561 0.068657
0 0.278049 0.200000 0.113821 0.041791
0 0.254472 0.262687 0.079675 0.047761
0 0.373984 0.261194 0.136585 0.062687
0 0.774797 0.143284 0.082927 0.041791
0 0.721138 0.220896 0.089431 0.065672
0 0.818699 0.268657 0.060163 0.047761
0 0.775610 0.343284 0.084553 0.053731
0 0.282114 0.097015 0.082927 0.032836
0 0.367480 0.117910 0.042276 0.026866
0 0.391870 0.067164 0.035772 0.026866
0 0.205691 0.065672 0.066667 0.035821
0 0.384553 0.019403 0.060163 0.032836
