0 0.371094 0.640972 0.207813 0.106944
0 0.382422 0.831250 0.107031 0.084722
0 0.290234 0.745139 0.164844 0.065278
0 0.483984 0.732639 0.057031 0.051389
0 0.566016 0.825694 0.149219 0.123611
0 0.589453 0.688889 0.191406 0.144444
0 0.769141 0.852083 0.174219 0.126389
0 0.804297 0.561806 0.135156 0.137500
0 0.448047 0.441667 0.117969 0.086111
0 0.822266 0.214583 0.132031 0.109722
0 0.242969 0.422222 0.067187 0.097222
0 0.684375 0.050694 0.139063 0.054167
0 0.810156 0.018750 0.085938 0.029167
0 0.854688 0.109722 0.142187 0.077778
0 0.917578 0.058333 0.127344 0.061111
0 0.482031 0.289583 0.062500 0.068056
