0 0.133984 0.397222 0.247656 0.202778
0 0.366016 0.556250 0.133594 0.154167
0 0.376563 0.418750 0.143750 0.098611
0 0.503906 0.414583 0.107813 0.081944
0 0.488281 0.620139 0.100000 0.081944
0 0.607812 0.779167 0.184375 0.202778
0 0.326953 0.822222 0.182031 0.341667
0 0.724219 0.555556 0.112500 0.111111
0 0.553906 0.522917 0.142187 0.140278
0 0.612891 0.439583 0.069531 0.070833
0 0.645703 0.377778 0.078906 0.050000
0 0.414062 0.306250 0.090625 0.062500
0 0.867188 0.895833 0.253125 0.208333
0 0.810547 0.688889 0.125781 0.111111
