0 0.509375 0.954167 0.081250 0.069444
0 0.742188 0.936111 0.118750 0.116667
0 0.820312 0.822222 0.134375 0.138889
0 0.560156 0.831944 0.070312 0.080556
0 0.658594 0.763889 0.148438 0.144444
0 0.729688 0.690278 0.034375 0.047222
0 0.806250 0.655556 0.068750 0.083333
0 0.627344 0.656944 0.029687 0.047222
0 0.550000 0.677778 0.037500 0.055556
0 0.557031 0.615278 0.070312 0.058333
0 0.562500 0.491667 0.053125 0.088889
0 0.516406 0.556944 0.029687 0.036111
0 0.704688 0.450000 0.187500 0.144444
0 0.585156 0.311111 0.076563 0.050000
0 0.733594 0.284722 0.151562 0.119444
0 0.713281 0.169444 0.051562 0.083333
0 0.875000 0.313889 0.084375 0.094444
0 0.930469 0.266667 0.042188 0.038889
0 0.816406 0.181944 0.123438 0.097222
0 0.817969 0.106944 0.042188 0.036111
0 0.796875 0.069444 0.031250 0.038889
0 0.735938 0.079167 0.053125 0.058333
0 0.700781 0.020833 0.042188 0.036111
0 0.620313 0.033333 0.081250 0.050000
0 0.360156 0.736111 0.101562 0.100000
0 0.288281 0.656944 0.045312 0.036111
0 0.379688 0.598611 0.093750 0.097222
0 0.358594 0.508333 0.067187 0.077778
0 0.248438 0.581944 0.090625 0.086111
0 0.472656 0.469444 0.104688 0.127778
0 0.521875 0.380556 0.059375 0.066667
0 0.195312 0.419444 0.175000 0.250000
0 0.342969 0.308333 0.107813 0.122222
0 0.493750 0.269444 0.065625 0.094444
0 0.165625 0.234722 0.078125 0.058333
0 0.039062 0.369444 0.071875 0.177778
0 0.080469 0.211111 0.054688 0.027778
0 0.276562 0.118056 0.262500 0.152778
0 0.975781 0.418056 0.032813 0.041667
0 0.057813 0.783333 0.100000 0.072222
0 0.986719 0.516667 0.026562 0.072222
0 0.992188 0.643056 0.015625 0.108333
