0 0.043125 0.947500 0.083750 0.065000
0 0.255000 0.857500 0.117500 0.060000
0 0.120000 0.790000 0.077500 0.115000
0 0.381875 0.813750 0.071250 0.042500
0 0.580000 0.846250 0.062500 0.037500
0 0.597500 0.778750 0.100000 0.062500
0 0.681875 0.906250 0.113750 0.067500
0 0.761250 0.792500 0.040000 0.035000
0 0.940625 0.920000 0.118750 0.070000
0 0.964375 0.828750 0.046250 0.042500
0 0.886250 0.755000 0.092500 0.075000
0 0.390625 0.728750 0.078750 0.052500
0 0.251875 0.771250 0.081250 0.037500
0 0.215625 0.697500 0.066250 0.030000
0 0.298750 0.662500 0.045000 0.035000
0 0.521875 0.687500 0.053750 0.040000
0 0.648125 0.686250 0.086250 0.037500
0 0.801875 0.640000 0.086250 0.050000
0 0.573750 0.633750 0.052500 0.032500
0 0.561875 0.596250 0.068750 0.042500
0 0.662500 0.597500 0.050000 0.030000
0 0.636250 0.542500 0.050000 0.030000
0 0.745625 0.551250 0.041250 0.052500
0 0.475000 0.622500 0.062500 0.035000
0 0.390625 0.623750 0.038750 0.037500
0 0.394375 0.592500 0.038750 0.025000
0 0.415000 0.551250 0.060000 0.027500
0 0.506875 0.515000 0.051250 0.030000
0 0.261250 0.625000 0.057500 0.025000
0 0.190000 0.640000 0.045000 0.030000
0 0.235000 0.593750 0.040000 0.032500
0 0.268750 0.575000 0.065000 0.035000
0 0.276875 0.530000 0.051250 0.030000
0 0.436250 0.502500 0.037500 0.035000
0 0.046250 0.852500 0.060000 0.045000
0 0.633750 0.495000 0.065000 0.035000
0 0.849375 0.575000 0.061250 0.060000
0 0.773750 0.506250 0.045000 0.052500
0 0.474375 0.466250 0.033750 0.022500
0 0.381875 0.477500 0.048750 0.030000
0 0.335625 0.461250 0.033750 0.037500
0 0.046875 0.632500 0.056250 0.040000
0 0.094375 0.562500 0.043750 0.050000
0 0.156875 0.501250 0.038750 0.042500
0 0.313750 0.427500 0.027500 0.030000
0 0.600000 0.452500 0.030000 0.025000
0 0.705625 0.440000 0.031250 0.030000
0 0.400625 0.407500 0.026250 0.030000
0 0.327500 0.375000 0.032500 0.030000
0 0.566875 0.392500 0.026250 0.030000
