0 0.057843 0.927110 0.111765 0.138107
0 0.877451 0.750639 0.237255 0.066496
0 0.241176 0.713555 0.258824 0.084399
0 0.077451 0.643862 0.150980 0.054987
0 0.559804 0.663683 0.154902 0.038363
0 0.762745 0.651535 0.145098 0.031969
0 0.274510 0.593350 0.149020 0.033248
0 0.071569 0.578005 0.119608 0.030691
0 0.102941 0.550512 0.064706 0.019182
0 0.100980 0.524297 0.049020 0.015345
0 0.229412 0.519182 0.054902 0.020460
0 0.585294 0.605499 0.088235 0.024297
0 0.694118 0.605499 0.105882 0.024297
0 0.848039 0.596547 0.190196 0.037084
0 0.575490 0.565857 0.060784 0.019182
0 0.489216 0.548593 0.096078 0.023018
0 0.865686 0.548593 0.068627 0.023018
0 0.728431 0.531330 0.123529 0.039642
0 0.452941 0.515345 0.196078 0.035806
0 0.322549 0.502558 0.052941 0.020460
0 0.480392 0.486573 0.101961 0.019182
0 0.619608 0.489130 0.058824 0.024297
0 0.779412 0.495524 0.064706 0.026854
0 0.506863 0.470588 0.072549 0.010230
0 0.642157 0.462276 0.056863 0.021739
0 0.738235 0.464834 0.068627 0.019182
0 0.960784 0.879156 0.047059 0.047315
