0 0.588281 0.834677 0.289062 0.245392
0 0.556250 0.536290 0.182812 0.160138
0 0.643359 0.410138 0.147656 0.062212
0 0.395313 0.415323 0.085938 0.102535
0 0.352344 0.357719 0.078125 0.035714
0 0.308594 0.392281 0.040625 0.031106
0 0.662109 0.335829 0.113281 0.042627
0 0.544531 0.371544 0.117188 0.051843
0 0.468750 0.339286 0.062500 0.042627
0 0.404297 0.296659 0.042969 0.044931
0 0.108203 0.762097 0.108594 0.114055
0 0.582422 0.314516 0.088281 0.050691
0 0.453125 0.259217 0.060937 0.046083
0 0.556250 0.283986 0.093750 0.035714
0 0.609766 0.240783 0.061719 0.039171
0 0.544922 0.259217 0.069531 0.034562
