0 0.086553 0.464187 0.108192 0.151515
0 0.219474 0.546832 0.120556 0.234160
0 0.130603 0.680441 0.078825 0.198347
0 0.078825 0.779614 0.083462 0.088154
0 0.323029 0.596419 0.068006 0.068871
0 0.337713 0.685950 0.078825 0.093664
0 0.498454 0.780992 0.289026 0.316804
0 0.365533 0.440771 0.115920 0.154270
0 0.468315 0.404959 0.102009 0.181818
0 0.503091 0.556474 0.078825 0.115702
0 0.438176 0.625344 0.060278 0.066116
0 0.667697 0.415978 0.145286 0.214876
0 0.591190 0.519284 0.069552 0.162534
0 0.778980 0.712121 0.151468 0.272727
0 0.917311 0.614325 0.140649 0.297521
0 0.879444 0.358127 0.132921 0.192837
0 0.969088 0.393939 0.061824 0.132231
