0 0.503464 0.805459 0.126251 0.184669
0 0.244804 0.831010 0.117013 0.152149
0 0.317552 0.918699 0.066975 0.078978
0 0.666282 0.903020 0.130100 0.186992
0 0.076212 0.707317 0.100077 0.083624
0 0.358353 0.647503 0.082371 0.089431
0 0.241339 0.619628 0.119323 0.082462
0 0.103156 0.598722 0.110855 0.087108
0 0.668976 0.712544 0.101617 0.101045
0 0.740955 0.670151 0.085450 0.069686
0 0.774827 0.742160 0.088530 0.090592
0 0.827560 0.668409 0.101617 0.080139
0 0.937644 0.876887 0.118553 0.188153
0 0.326790 0.527875 0.039261 0.045296
0 0.507313 0.603949 0.080062 0.072009
0 0.404542 0.565041 0.053118 0.049942
0 0.570824 0.559233 0.063895 0.059233
0 0.600847 0.633566 0.071594 0.080139
0 0.667052 0.578978 0.099307 0.061556
0 0.707082 0.518002 0.091609 0.053426
0 0.209392 0.513937 0.106236 0.061556
0 0.321786 0.463995 0.047729 0.054588
0 0.494226 0.469803 0.058507 0.036005
0 0.478060 0.534843 0.081601 0.056911
0 0.617013 0.512776 0.060816 0.052265
0 0.661663 0.451220 0.070054 0.040650
0 0.443803 0.422184 0.048499 0.026713
0 0.491532 0.436702 0.048499 0.034843
0 0.253657 0.418699 0.034642 0.033682
0 0.627021 0.406504 0.043880 0.030197
0 0.456120 0.390244 0.037721 0.027875
0 0.503849 0.400116 0.039261 0.024390
0 0.357968 0.772358 0.061586 0.065041
