0 0.365625 0.643056 0.207813 0.091667
0 0.561719 0.832639 0.146875 0.106944
0 0.770312 0.838889 0.160938 0.113889
0 0.260547 0.747222 0.097656 0.066667
0 0.385937 0.837500 0.120313 0.088889
0 0.592187 0.691667 0.181250 0.108333
0 0.444531 0.434722 0.126562 0.075000
0 0.231641 0.420833 0.085156 0.088889
0 0.567187 0.454167 0.085938 0.077778
0 0.686719 0.048611 0.151562 0.072222
0 0.858594 0.103472 0.125000 0.070833
0 0.821094 0.208333 0.137500 0.086111
0 0.476562 0.284028 0.073438 0.079167
0 0.606641 0.275694 0.149219 0.112500
0 0.207031 0.111806 0.117188 0.098611
0 0.064453 0.114583 0.107031 0.112500
0 0.889062 0.728472 0.107813 0.095833
0 0.805078 0.572917 0.161719 0.134722
0 0.817578 0.024306 0.078906 0.037500
0 0.918750 0.063194 0.107813 0.051389
